1 Estandar 1 76.889999 0
2 Estandar 2 85.000000 0
3 Estandar 1 79.989998 0
4 Estandar 2 88.500000 0
5 Estandar 1 74.300003 0
6 Estandar 2 82.000000 0
7 Estandar 1 77.449997 0
8 Estandar 2 89.099998 0
9 Estandar 1 76.750000 0
10 Estandar 2 85.599998 0
11 Estandar 1 78.199997 0
12 Estandar 2 84.000000 0
13 Estandar 1 80.000000 0
14 Estandar 2 87.300003 0
15 Estandar 1 75.500000 0
16 Estandar 2 83.250000 0
17 Estandar 1 78.750000 0
18 Estandar 2 86.400002 0
19 Estandar 1 77.800003 0
20 Estandar 2 85.199997 0
21 Estandar 1 79.400002 0
22 Estandar 2 84.500000 0
23 Estandar 1 80.250000 0
24 Estandar 2 87.599998 0
25 Estandar 1 75.750000 0
26 Estandar 2 83.500000 0
27 Estandar 1 78.949997 0
28 Estandar 2 86.699997 0
29 Estandar 1 77.949997 0
30 Estandar 2 85.400002 0
31 Estandar 1 79.599998 0
32 Estandar 2 84.750000 0
33 Estandar 1 80.500000 0
34 Estandar 2 87.900002 0
35 Estandar 1 76.000000 0
36 Estandar 2 83.750000 0
37 Estandar 1 79.150002 0
38 Estandar 2 86.900002 0
39 Estandar 1 78.099998 0
40 Estandar 2 85.300003 0
41 Estandar 1 79.800003 0
42 Estandar 2 84.900002 0
43 Estandar 1 80.750000 0
44 Estandar 2 88.199997 0
45 Estandar 1 76.250000 0
46 Estandar 2 84.000000 0
47 Estandar 1 79.300003 0
48 Estandar 2 87.099998 0
49 Estandar 1 78.349998 0
50 Estandar 2 85.500000 0
51 Deluxe 1 120.000000 0
52 Deluxe 2 130.500000 0
53 Deluxe 1 115.000000 0
54 Deluxe 2 125.750000 0
55 Deluxe 1 110.250000 0
56 Deluxe 2 135.500000 0
57 Deluxe 1 119.000000 0
58 Deluxe 2 129.300003 0
59 Deluxe 1 114.500000 0
60 Deluxe 2 124.250000 0
61 Deluxe 1 109.750000 0
62 Deluxe 2 134.399994 0
63 Deluxe 1 118.199997 0
64 Deluxe 2 128.000000 0
65 Deluxe 1 113.300003 0
66 Deluxe 2 123.500000 0
67 Deluxe 1 108.500000 0
68 Deluxe 2 133.600006 0
69 Deluxe 1 117.750000 0
70 Deluxe 2 127.900002 0
71 Deluxe 1 112.000000 0
72 Deluxe 2 122.750000 0
73 Deluxe 1 107.250000 0
74 Deluxe 2 132.699997 0
75 Deluxe 1 116.949997 0
76 Deluxe 2 126.400002 0
77 Deluxe 1 111.199997 0
78 Deluxe 2 121.500000 0
79 Deluxe 1 106.750000 0
80 Deluxe 2 131.800003 0
81 Suites 1 200.000000 0
82 Suites 2 210.500000 0
83 Suites 1 195.000000 0
84 Suites 2 205.750000 0
85 Suites 1 190.250000 0
86 Suites 2 215.500000 0
87 Suites 1 199.000000 0
88 Suites 2 209.300003 0
89 Suites 1 194.500000 0
90 Suites 2 204.250000 0
